0;2026-08-16 10:26:11;21.00;22.10;17.00;2;0;0
1;2026-08-16 10:26:21;21.00;22.10;17.00;2;0;0
2;2026-08-16 10:26:31;21.00;22.10;17.00;2;0;0
3;2026-08-16 10:26:41;21.01;22.10;17.00;2;0;0
4;2026-08-16 10:26:51;21.01;22.10;17.00;2;0;0
5;2026-08-16 10:27:01;21.01;22.10;17.00;2;0;0
6;2026-08-16 10:27:01;21.01;22.10;17.00;2;0;0
7;2026-08-16 10:27:11;21.01;22.10;17.00;2;0;0
8;2026-08-16 10:27:21;21.01;22.10;17.00;2;0;0
9;2026-08-16 10:27:31;21.01;22.10;17.00;2;0;0
10;2026-08-16 10:27:41;21.01;22.10;17.00;2;0;0
11;2026-08-16 10:27:51;21.02;22.10;17.00;2;0;0
12;2026-08-16 10:28:01;21.02;22.10;17.00;2;0;0
13;2026-08-16 10:28:01;21.02;22.10;17.00;2;0;0
14;2026-08-16 10:28:11;21.02;22.10;17.00;2;0;0
15;2026-08-16 10:28:21;21.02;22.10;17.00;2;0;0
16;2026-08-16 10:28:31;21.02;22.10;17.00;2;0;0
17;2026-08-16 10:28:41;21.02;22.10;17.00;2;0;0
18;2026-08-16 10:28:51;21.02;22.10;17.00;2;0;0
19;2026-08-16 10:29:01;21.02;22.10;17.00;2;0;0
20;2026-08-16 10:29:01;21.02;22.10;17.00;2;0;0
21;2026-08-16 10:29:11;21.03;22.10;17.00;2;0;0
22;2026-08-16 10:29:21;21.03;22.10;17.00;2;0;0
23;2026-08-16 10:29:31;21.03;22.10;17.00;2;0;0
24;2026-08-16 10:29:41;21.03;22.10;17.00;2;0;0
25;2026-08-16 10:29:51;21.03;22.10;17.00;2;0;0
26;2026-08-16 10:30:01;21.03;22.10;17.00;2;0;0
27;2026-08-16 10:30:01;21.03;22.10;17.00;2;0;0
28;2026-08-16 10:30:11;21.03;22.10;17.00;2;0;0
29;2026-08-16 10:30:21;21.04;22.10;17.00;2;0;0
30;2026-08-16 10:30:31;21.04;22.10;17.00;2;0;0
31;2026-08-16 10:30:41;21.04;22.10;17.00;2;0;0
32;2026-08-16 10:30:51;21.04;22.10;17.00;2;0;0
33;2026-08-16 10:31:01;21.04;22.10;17.00;2;0;0
34;2026-08-16 10:31:01;21.04;22.10;17.00;2;0;0
35;2026-08-16 10:31:11;21.04;22.10;17.00;2;0;0
36;2026-08-16 10:31:21;21.04;22.10;17.00;2;0;0
37;2026-08-16 10:31:31;21.04;22.10;17.00;2;0;0
38;2026-08-16 10:31:41;21.05;22.10;17.00;2;0;0
39;2026-08-16 10:31:51;21.05;22.10;17.00;2;0;0
40;2026-08-16 10:32:01;21.05;22.10;17.00;2;0;0
41;2026-08-16 10:32:01;21.05;22.10;17.00;2;0;0
42;2026-08-16 10:32:11;21.05;22.10;17.00;2;0;0
43;2026-08-16 10:32:21;21.05;22.10;17.00;2;0;0
44;2026-08-16 10:32:31;21.05;22.10;17.00;2;0;0
45;2026-08-16 10:32:41;21.05;22.10;17.00;2;0;0
46;2026-08-16 10:32:51;21.05;22.10;17.00;2;0;0
47;2026-08-16 10:33:01;21.06;22.10;17.00;2;0;0
48;2026-08-16 10:33:01;21.06;22.10;17.00;2;0;0
49;2026-08-16 10:33:11;21.06;22.10;17.00;2;0;0
50;2026-08-16 10:33:21;21.06;22.10;17.00;2;0;0
51;2026-08-16 10:33:31;21.06;22.10;17.00;2;0;0
52;2026-08-16 10:33:41;21.06;22.10;17.00;2;0;0
53;2026-08-16 10:33:51;21.06;22.10;17.00;2;0;0
54;2026-08-16 10:34:01;21.06;22.10;17.00;2;0;0
55;2026-08-16 10:34:01;21.06;22.10;17.00;2;0;0
56;2026-08-16 10:34:11;21.07;22.10;17.00;2;0;0
57;2026-08-16 10:34:21;21.07;22.10;17.00;2;0;0
58;2026-08-16 10:34:31;21.07;22.10;17.00;2;0;0
59;2026-08-16 10:34:41;21.07;22.10;17.00;2;0;0
60;2026-08-16 10:34:51;21.07;22.10;17.00;2;0;0
61;2026-08-16 10:35:01;21.07;22.10;17.00;2;0;0
62;2026-08-16 10:35:01;21.07;22.10;17.00;2;0;0
63;2026-08-16 10:35:11;21.07;22.10;17.00;2;0;0
64;2026-08-16 10:35:21;21.07;22.10;17.00;2;0;0
65;2026-08-16 10:35:31;21.08;22.10;17.00;2;0;0
66;2026-08-16 10:35:41;21.08;22.10;17.00;2;0;0
67;2026-08-16 10:35:51;21.08;22.10;17.00;2;0;0
68;2026-08-16 10:36:01;21.08;22.10;17.00;2;0;0
69;2026-08-16 10:36:01;21.08;22.10;17.00;2;0;0
70;2026-08-16 10:36:11;21.08;22.10;17.00;2;0;0
71;2026-08-16 10:36:21;21.08;22.10;17.00;2;0;0
72;2026-08-16 10:36:31;21.08;22.10;17.00;2;0;0
73;2026-08-16 10:36:41;21.08;22.10;17.00;2;0;0
74;2026-08-16 10:36:51;21.09;22.10;17.00;2;0;0
75;2026-08-16 10:37:01;21.09;22.10;17.00;2;0;0
76;2026-08-16 10:37:01;21.09;22.10;17.00;2;0;0
77;2026-08-16 10:37:11;21.09;22.10;17.00;2;0;0
78;2026-08-16 10:37:21;21.09;22.10;17.00;2;0;0
79;2026-08-16 10:37:31;21.09;22.10;17.00;2;0;0
80;2026-08-16 10:37:41;21.09;22.10;17.00;2;0;0
81;2026-08-16 10:37:51;21.09;22.10;17.00;2;0;0
82;2026-08-16 10:38:01;21.09;22.10;17.00;2;0;0
83;2026-08-16 10:38:01;21.09;22.10;17.00;2;0;0
84;2026-08-16 10:38:11;21.10;22.10;17.00;2;0;0
85;2026-08-16 10:38:21;21.10;22.10;17.00;2;0;0
86;2026-08-16 10:38:31;21.10;22.10;17.00;2;0;0
87;2026-08-16 10:38:41;21.10;22.10;17.00;2;0;0
88;2026-08-16 10:38:51;21.10;22.10;17.00;2;0;0
89;2026-08-16 10:39:01;21.10;22.10;17.00;2;0;0
90;2026-08-16 10:39:01;21.10;22.10;17.00;2;0;0
91;2026-08-16 10:39:11;21.10;22.10;17.00;2;0;0
92;2026-08-16 10:39:21;21.10;22.10;17.00;2;0;0
93;2026-08-16 10:39:31;21.11;22.10;17.00;2;0;0
94;2026-08-16 10:39:41;21.11;22.10;17.00;2;0;0
95;2026-08-16 10:39:51;21.11;22.10;17.00;2;0;0
96;2026-08-16 10:40:01;21.11;22.10;17.00;2;0;0
97;2026-08-16 10:40:01;21.11;22.10;17.00;2;0;0
98;2026-08-16 10:40:11;21.11;22.10;17.00;2;0;0
99;2026-08-16 10:40:21;21.11;22.10;17.00;2;0;0
100;2026-08-16 10:40:31;21.11;22.10;17.00;2;0;0
101;2026-08-16 10:40:41;21.11;22.10;17.00;2;0;0
102;2026-08-16 10:40:51;21.12;22.10;17.00;2;0;0
103;2026-08-16 10:41:01;21.12;22.10;17.00;2;0;0
104;2026-08-16 10:41:01;21.12;22.10;17.00;2;0;0
105;2026-08-16 10:41:11;21.12;22.10;17.00;2;0;0
106;2026-08-16 10:41:21;21.12;22.10;17.00;2;0;0
107;2026-08-16 10:41:31;21.12;22.10;17.00;2;0;0
108;2026-08-16 10:41:41;21.12;22.10;17.00;2;0;0
109;2026-08-16 10:41:51;21.12;22.10;17.00;2;0;0
110;2026-08-16 10:42:01;21.12;22.10;17.00;2;0;0
111;2026-08-16 10:42:01;21.12;22.10;17.00;2;0;0
112;2026-08-16 10:42:11;21.13;22.10;17.00;2;0;0
113;2026-08-16 10:42:21;21.13;22.10;17.00;2;0;0
114;2026-08-16 10:42:31;21.13;22.10;17.00;2;0;0
115;2026-08-16 10:42:41;21.13;22.10;17.00;2;0;0
116;2026-08-16 10:42:51;21.13;22.10;17.00;2;0;0
117;2026-08-16 10:43:01;21.13;22.10;17.00;2;0;0
118;2026-08-16 10:43:01;21.13;22.10;17.00;2;0;0
119;2026-08-16 10:43:11;21.13;22.10;17.00;2;0;0
120;2026-08-16 10:43:21;21.13;22.10;17.00;2;0;0
121;2026-08-16 10:43:31;21.14;22.10;17.00;2;0;0
122;2026-08-16 10:43:41;21.14;22.10;17.00;2;0;0
123;2026-08-16 10:43:51;21.14;22.10;17.00;2;0;0
124;2026-08-16 10:44:01;21.14;22.10;17.00;2;0;0
125;2026-08-16 10:44:01;21.14;22.10;17.00;2;0;0
126;2026-08-16 10:44:11;21.14;22.10;17.00;2;0;0
127;2026-08-16 10:44:21;21.14;22.10;17.00;2;0;0
128;2026-08-16 10:44:31;21.14;22.10;17.00;2;0;0
129;2026-08-16 10:44:41;21.14;22.10;17.00;2;0;0
130;2026-08-16 10:44:51;21.14;22.10;17.00;2;0;0
131;2026-08-16 10:45:01;21.15;22.10;17.00;2;0;0
132;2026-08-16 10:45:01;21.15;22.10;17.00;2;0;0
133;2026-08-16 10:45:11;21.15;22.10;17.00;2;0;0
134;2026-08-16 10:45:21;21.15;22.10;17.00;2;0;0
135;2026-08-16 10:45:31;21.15;22.10;17.00;2;0;0
136;2026-08-16 10:45:41;21.15;22.10;17.00;2;0;0
137;2026-08-16 10:45:51;21.15;22.10;17.00;2;0;0
138;2026-08-16 10:46:01;21.15;22.10;17.00;2;0;0
139;2026-08-16 10:46:01;21.15;22.10;17.00;2;0;0
140;2026-08-16 10:46:11;21.15;22.10;17.00;2;0;0
141;2026-08-16 10:46:21;21.16;22.10;17.00;2;0;0
142;2026-08-16 10:46:31;21.16;22.10;17.00;2;0;0
143;2026-08-16 10:46:41;21.16;22.10;17.00;2;0;0
144;2026-08-16 10:46:51;21.16;22.10;17.00;2;0;0
145;2026-08-16 10:47:01;21.16;22.10;17.00;2;0;0
146;2026-08-16 10:47:01;21.16;22.10;17.00;2;0;0
147;2026-08-16 10:47:11;21.16;22.10;17.00;2;0;0
148;2026-08-16 10:47:21;21.16;22.10;17.00;2;0;0
149;2026-08-16 10:47:31;21.16;22.10;17.00;2;0;0
150;2026-08-16 10:47:41;21.17;22.10;17.00;2;0;0
151;2026-08-16 10:47:51;21.17;22.10;17.00;2;0;0
152;2026-08-16 10:48:01;21.17;22.10;17.00;2;0;0
153;2026-08-16 10:48:01;21.17;22.10;17.00;2;0;0
154;2026-08-16 10:48:11;21.17;22.10;17.00;2;0;0
155;2026-08-16 10:48:21;21.17;22.10;17.00;2;0;0
156;2026-08-16 10:48:31;21.17;22.10;17.00;2;0;0
157;2026-08-16 10:48:41;21.17;22.10;17.00;2;0;0
158;2026-08-16 10:48:51;21.17;22.10;17.00;2;0;0
159;2026-08-16 10:49:01;21.17;22.10;17.00;2;0;0
160;2026-08-16 10:49:01;21.17;22.10;17.00;2;0;0
161;2026-08-16 10:49:11;21.18;22.10;17.00;2;0;0
162;2026-08-16 10:49:21;21.18;22.10;17.00;2;0;0
163;2026-08-16 10:49:31;21.18;22.10;17.00;2;0;0
164;2026-08-16 10:49:41;21.18;22.10;17.00;2;0;0
165;2026-08-16 10:49:51;21.18;22.10;17.00;2;0;0
166;2026-08-16 10:50:01;21.18;22.10;17.00;2;0;0
167;2026-08-16 10:50:01;21.18;22.10;17.00;2;0;0
168;2026-08-16 10:50:11;21.18;22.10;17.00;2;0;0
169;2026-08-16 10:50:21;21.18;22.10;17.00;2;0;0
170;2026-08-16 10:50:31;21.18;22.10;17.00;2;0;0
171;2026-08-16 10:50:41;21.19;22.10;17.00;2;0;0
172;2026-08-16 10:50:51;21.19;22.10;17.00;2;0;0
173;2026-08-16 10:51:01;21.19;22.10;17.00;2;0;0
174;2026-08-16 10:51:01;21.19;22.10;17.00;2;0;0
175;2026-08-16 10:51:11;21.19;22.10;17.00;2;0;0
176;2026-08-16 10:51:21;21.19;22.10;17.00;2;0;0
177;2026-08-16 10:51:31;21.19;22.10;17.00;2;0;0
178;2026-08-16 10:51:41;21.19;22.10;17.00;2;0;0
179;2026-08-16 10:51:51;21.19;22.10;17.00;2;0;0
180;2026-08-16 10:52:01;21.19;22.10;17.00;2;0;0
181;2026-08-16 10:52:01;21.19;22.10;17.00;2;0;0
182;2026-08-16 10:52:11;21.20;22.10;17.00;2;0;0
183;2026-08-16 10:52:21;21.20;22.10;17.00;2;0;0
184;2026-08-16 10:52:31;21.20;22.10;17.00;2;0;0
185;2026-08-16 10:52:41;21.20;22.10;17.00;2;0;0
186;2026-08-16 10:52:51;21.20;22.10;17.00;2;0;0
187;2026-08-16 10:53:01;21.20;22.10;17.00;2;0;0
188;2026-08-16 10:53:01;21.20;22.10;17.00;2;0;0
189;2026-08-16 10:53:11;21.20;22.10;17.00;2;0;0
190;2026-08-16 10:53:21;21.20;22.10;17.00;2;0;0
191;2026-08-16 10:53:31;21.21;22.10;17.00;2;0;0
192;2026-08-16 10:53:41;21.21;22.10;17.00;2;0;0
193;2026-08-16 10:53:51;21.21;22.10;17.00;2;0;0
194;2026-08-16 10:54:01;21.21;22.10;17.00;2;0;0
195;2026-08-16 10:54:01;21.21;22.10;17.00;2;0;0
196;2026-08-16 10:54:11;21.21;22.10;17.00;2;0;0
197;2026-08-16 10:54:21;21.21;22.10;17.00;2;0;0
198;2026-08-16 10:54:31;21.21;22.10;17.00;2;0;0
199;2026-08-16 10:54:41;21.21;22.10;17.00;2;0;0
200;2026-08-16 10:54:51;21.21;22.10;17.00;2;0;0
201;2026-08-16 10:55:01;21.22;22.10;17.00;2;0;0
202;2026-08-16 10:55:01;21.22;22.10;17.00;2;0;0
203;2026-08-16 10:55:11;21.22;22.10;17.00;2;0;0
204;2026-08-16 10:55:21;21.22;22.10;17.00;2;0;0
205;2026-08-16 10:55:31;21.22;22.10;17.00;2;0;0
206;2026-08-16 10:55:41;21.22;22.10;17.00;2;0;0
207;2026-08-16 10:55:51;21.22;22.10;17.00;2;0;0
208;2026-08-16 10:56:01;21.22;22.10;17.00;2;0;0
209;2026-08-16 10:56:01;21.22;22.10;17.00;2;0;0
210;2026-08-16 10:56:11;21.22;22.10;17.00;2;0;0
211;2026-08-16 10:56:21;21.22;22.10;17.00;2;0;0
212;2026-08-16 10:56:31;21.23;22.10;17.00;2;0;0
213;2026-08-16 10:56:41;21.23;22.10;17.00;2;0;0
214;2026-08-16 10:56:51;21.23;22.10;17.00;2;0;0
215;2026-08-16 10:57:01;21.23;22.10;17.00;2;0;0
216;2026-08-16 10:57:01;21.23;22.10;17.00;2;0;0
217;2026-08-16 10:57:11;21.23;22.10;17.00;2;0;0
218;2026-08-16 10:57:21;21.23;22.10;17.00;2;0;0
219;2026-08-16 10:57:31;21.23;22.10;17.00;2;0;0
220;2026-08-16 10:57:41;21.23;22.10;17.00;2;0;0
221;2026-08-16 10:57:51;21.23;22.10;17.00;2;0;0
222;2026-08-16 10:58:01;21.23;22.10;17.00;2;0;0
223;2026-08-16 10:58:01;21.23;22.10;17.00;2;0;0
224;2026-08-16 10:58:11;21.24;22.10;17.00;2;0;0
225;2026-08-16 10:58:21;21.24;22.10;17.00;2;0;0
226;2026-08-16 10:58:31;21.24;22.10;17.00;2;0;0
227;2026-08-16 10:58:41;21.24;22.10;17.00;2;0;0
228;2026-08-16 10:58:51;21.24;22.10;17.00;2;0;0
229;2026-08-16 10:59:01;21.24;22.10;17.00;2;0;0
230;2026-08-16 10:59:01;21.24;22.10;17.00;2;0;0
231;2026-08-16 10:59:11;21.24;22.50;17.00;2;0;0
232;2026-08-16 10:59:21;21.24;22.50;17.00;2;0;0
233;2026-08-16 10:59:31;21.25;22.50;17.00;2;0;0
234;2026-08-16 10:59:41;21.25;22.50;17.00;2;0;0
235;2026-08-16 10:59:51;21.25;22.50;17.00;2;0;0
236;2026-08-16 11:00:01;21.25;22.50;17.00;2;0;0
237;2026-08-16 11:00:01;21.25;22.50;17.00;2;0;0
238;2026-08-16 11:00:11;21.25;22.50;17.00;2;0;0
239;2026-08-16 11:00:21;21.25;22.50;17.00;2;0;0
240;2026-08-16 11:00:31;21.26;22.50;17.00;2;0;0
241;2026-08-16 11:00:41;21.26;22.50;17.00;2;0;0
242;2026-08-16 11:00:51;21.26;22.50;17.00;2;0;0
243;2026-08-16 11:01:01;21.26;22.50;17.00;2;0;0
244;2026-08-16 11:01:01;21.26;22.50;17.00;2;0;0
245;2026-08-16 11:01:11;21.26;22.50;17.00;2;0;0
246;2026-08-16 11:01:21;21.26;22.50;17.00;2;0;0
247;2026-08-16 11:01:31;21.26;22.50;17.00;2;0;0
248;2026-08-16 11:01:41;21.27;22.50;17.00;2;0;0
249;2026-08-16 11:01:51;21.27;22.50;17.00;2;0;0
250;2026-08-16 11:02:01;21.27;22.50;17.00;2;0;0
251;2026-08-16 11:02:01;21.27;22.50;17.00;2;0;0
252;2026-08-16 11:02:11;21.27;22.50;17.00;2;0;0
253;2026-08-16 11:02:21;21.27;22.50;17.00;2;0;0
254;2026-08-16 11:02:31;21.27;22.50;17.00;2;0;0
255;2026-08-16 11:02:41;21.28;22.50;17.00;2;0;0
256;2026-08-16 11:02:51;21.28;22.50;17.00;2;0;0
257;2026-08-16 11:03:01;21.28;22.50;17.00;2;0;0
258;2026-08-16 11:03:01;21.28;22.50;17.00;2;0;0
259;2026-08-16 11:03:11;21.28;22.50;17.00;2;0;0
260;2026-08-16 11:03:21;21.28;22.50;17.00;2;0;0
261;2026-08-16 11:03:31;21.28;22.50;17.00;2;0;0
262;2026-08-16 11:03:41;21.28;22.50;17.00;2;0;0
263;2026-08-16 11:03:51;21.29;22.50;17.00;2;0;0
264;2026-08-16 11:04:01;21.29;22.50;17.00;2;0;0
265;2026-08-16 11:04:01;21.29;22.50;17.00;2;0;0
266;2026-08-16 11:04:11;21.29;22.50;17.00;2;0;0
267;2026-08-16 11:04:21;21.29;22.50;17.00;2;0;0
268;2026-08-16 11:04:31;21.29;22.50;17.00;2;0;0
269;2026-08-16 11:04:41;21.29;22.50;17.00;2;0;0
270;2026-08-16 11:04:51;21.30;22.50;17.00;2;0;0
271;2026-08-16 11:05:01;21.30;22.50;17.00;2;0;0
272;2026-08-16 11:05:01;21.30;22.50;17.00;2;0;0
273;2026-08-16 11:05:11;21.30;22.50;17.00;2;0;0
274;2026-08-16 11:05:21;21.30;22.50;17.00;2;0;0
275;2026-08-16 11:05:31;21.30;22.50;17.00;2;0;0
276;2026-08-16 11:05:41;21.30;22.50;17.00;2;0;0
277;2026-08-16 11:05:51;21.30;22.50;17.00;2;0;0
278;2026-08-16 11:06:01;21.31;22.50;17.00;2;0;0
279;2026-08-16 11:06:01;21.31;22.50;17.00;2;0;0
280;2026-08-16 11:06:11;21.31;22.50;17.00;2;0;0
281;2026-08-16 11:06:21;21.31;22.50;17.00;2;0;0
282;2026-08-16 11:06:31;21.31;22.50;17.00;2;0;0
283;2026-08-16 11:06:41;21.31;22.50;17.00;2;0;0
284;2026-08-16 11:06:51;21.31;22.50;17.00;2;0;0
285;2026-08-16 11:07:01;21.31;22.50;17.00;2;0;0
286;2026-08-16 11:07:01;21.31;22.50;17.00;2;0;0
287;2026-08-16 11:07:11;21.32;22.50;17.00;2;0;0
288;2026-08-16 11:07:21;21.32;21.80;17.00;2;0;0
289;2026-08-16 11:07:31;21.32;21.80;17.00;2;0;0
290;2026-08-16 11:07:41;21.32;21.80;17.00;2;0;0
291;2026-08-16 11:07:51;21.32;21.80;17.00;2;0;0
292;2026-08-16 11:08:01;21.32;21.80;17.00;2;0;0
293;2026-08-16 11:08:01;21.32;21.80;17.00;2;0;0
294;2026-08-16 11:08:11;21.32;21.80;17.00;2;0;0
295;2026-08-16 11:08:21;21.32;21.80;17.00;2;0;0
296;2026-08-16 11:08:31;21.32;21.80;17.00;2;0;0
297;2026-08-16 11:08:41;21.32;21.80;17.00;2;0;0
298;2026-08-16 11:08:51;21.32;21.80;17.00;2;0;0
299;2026-08-16 11:09:01;21.32;21.80;17.00;2;0;0
300;2026-08-16 11:09:01;21.32;21.80;17.00;2;0;0
301;2026-08-16 11:09:11;21.32;21.80;17.00;2;0;0
302;2026-08-16 11:09:21;21.32;21.80;17.00;2;0;0
303;2026-08-16 11:09:31;21.32;21.80;17.00;2;0;0
304;2026-08-16 11:09:41;21.33;21.80;17.00;2;0;0
305;2026-08-16 11:09:51;21.33;21.80;17.00;2;0;0
306;2026-08-16 11:10:01;21.33;21.80;17.00;2;0;0
307;2026-08-16 11:10:01;21.33;21.80;17.00;2;0;0
308;2026-08-16 11:10:11;21.33;21.80;17.00;2;0;0
309;2026-08-16 11:10:21;21.33;21.80;17.00;2;0;0
310;2026-08-16 11:10:31;21.33;21.80;17.00;2;0;0
311;2026-08-16 11:10:41;21.33;21.80;17.00;2;0;0
312;2026-08-16 11:10:51;21.33;21.80;17.00;2;0;0
313;2026-08-16 11:11:01;21.33;21.80;17.00;2;0;0
314;2026-08-16 11:11:01;21.33;21.80;17.00;2;0;0
315;2026-08-16 11:11:11;21.33;21.80;17.00;2;0;0
316;2026-08-16 11:11:21;21.33;21.80;17.00;2;0;0
317;2026-08-16 11:11:31;21.33;21.80;17.00;2;0;0
318;2026-08-16 11:11:41;21.33;21.80;17.00;2;0;0
319;2026-08-16 11:11:51;21.33;21.80;17.00;2;0;0
320;2026-08-16 11:12:01;21.33;21.80;17.00;2;0;0
321;2026-08-16 11:12:01;21.33;21.80;17.00;2;0;0
322;2026-08-16 11:12:11;21.33;21.80;17.00;2;0;0
323;2026-08-16 11:12:21;21.33;21.80;17.00;2;0;0
324;2026-08-16 11:12:31;21.34;21.80;17.00;2;0;0
325;2026-08-16 11:12:41;21.34;21.80;17.00;2;0;0
326;2026-08-16 11:12:51;21.34;21.80;17.00;2;0;0
327;2026-08-16 11:13:01;21.34;21.80;17.00;2;0;0
328;2026-08-16 11:13:01;21.34;21.80;17.00;2;0;0
329;2026-08-16 11:13:11;21.34;21.80;17.00;2;0;0
330;2026-08-16 11:13:21;21.34;21.80;17.00;2;0;0
331;2026-08-16 11:13:31;21.34;21.80;17.00;2;0;0
332;2026-08-16 11:13:41;21.34;21.80;17.00;2;0;0
333;2026-08-16 11:13:51;21.34;21.80;17.00;2;0;0
334;2026-08-16 11:14:01;21.34;21.80;17.00;2;0;0
335;2026-08-16 11:14:01;21.34;21.80;17.00;2;0;0
336;2026-08-16 11:14:11;21.34;21.80;17.00;2;0;0
337;2026-08-16 11:14:21;21.34;21.80;17.00;2;0;0
338;2026-08-16 11:14:31;21.34;21.80;17.00;2;0;0
339;2026-08-16 11:14:41;21.34;21.80;17.00;2;0;0
340;2026-08-16 11:14:51;21.34;21.80;17.00;2;0;0
341;2026-08-16 11:15:01;21.34;21.80;17.00;2;0;0
342;2026-08-16 11:15:01;21.34;21.80;17.00;2;0;0
343;2026-08-16 11:15:11;21.34;21.80;17.00;2;0;0
344;2026-08-16 11:15:21;21.34;21.80;17.00;2;0;0
345;2026-08-16 11:15:31;21.35;21.80;17.00;2;0;0
346;2026-08-16 11:15:41;21.35;21.80;17.00;2;0;0
347;2026-08-16 11:15:51;21.35;21.80;17.00;2;0;0
348;2026-08-16 11:16:01;21.35;21.80;17.00;2;0;0
349;2026-08-16 11:16:01;21.35;21.80;17.00;2;0;0
350;2026-08-16 11:16:11;21.35;21.80;17.00;2;0;0
351;2026-08-16 11:16:21;21.35;21.80;17.00;2;0;0
352;2026-08-16 11:16:31;21.35;21.80;17.00;2;0;0
353;2026-08-16 11:16:41;21.35;21.80;17.00;2;0;0
354;2026-08-16 11:16:51;21.35;21.80;17.00;2;0;0
355;2026-08-16 11:17:01;21.35;21.80;17.00;2;0;0
356;2026-08-16 11:17:01;21.35;21.80;17.00;2;0;0
357;2026-08-16 11:17:11;21.35;21.80;17.00;2;0;0
358;2026-08-16 11:17:21;21.35;21.80;17.00;2;0;0
359;2026-08-16 11:17:31;21.35;21.80;17.00;2;0;0
360;2026-08-16 11:17:41;21.35;21.80;17.00;2;0;0
361;2026-08-16 11:17:51;21.35;21.80;17.00;2;0;0
362;2026-08-16 11:18:01;21.35;21.80;17.00;2;0;0
363;2026-08-16 11:18:01;21.35;21.80;17.00;2;0;0
364;2026-08-16 11:18:11;21.35;21.80;17.00;2;0;0
365;2026-08-16 11:18:21;21.36;21.80;17.00;2;0;0
366;2026-08-16 11:18:31;21.36;21.80;17.00;2;0;0
367;2026-08-16 11:18:41;21.36;21.80;17.00;2;0;0
368;2026-08-16 11:18:51;21.36;21.80;17.00;2;0;0
369;2026-08-16 11:19:01;21.36;21.80;17.00;2;0;0
370;2026-08-16 11:19:01;21.36;21.80;17.00;2;0;0
371;2026-08-16 11:19:11;21.36;21.80;17.00;2;0;0
372;2026-08-16 11:19:21;21.36;21.80;17.00;2;0;0
373;2026-08-16 11:19:31;21.36;21.80;17.00;2;0;0
374;2026-08-16 11:19:41;21.36;21.80;17.00;2;0;0
375;2026-08-16 11:19:51;21.36;21.80;17.00;2;0;0
376;2026-08-16 11:20:01;21.36;21.80;17.00;2;0;0
377;2026-08-16 11:20:01;21.36;21.80;17.00;2;0;0
378;2026-08-16 11:20:11;21.36;21.80;17.00;2;0;0
379;2026-08-16 11:20:21;21.36;21.80;17.00;2;0;0
380;2026-08-16 11:20:31;21.36;21.80;17.00;2;0;0
381;2026-08-16 11:20:41;21.36;21.80;17.00;2;0;0
382;2026-08-16 11:20:51;21.36;21.80;17.00;2;0;0
383;2026-08-16 11:21:01;21.36;21.80;17.00;2;0;0
384;2026-08-16 11:21:01;21.36;21.80;17.00;2;0;0
385;2026-08-16 11:21:11;21.36;21.80;17.00;2;0;0
386;2026-08-16 11:21:21;21.36;21.80;17.00;2;0;0
387;2026-08-16 11:21:31;21.37;21.80;17.00;2;0;0
388;2026-08-16 11:21:41;21.37;21.80;17.00;2;0;0
389;2026-08-16 11:21:51;21.37;21.80;17.00;2;0;0
390;2026-08-16 11:22:01;21.37;21.80;17.00;2;0;0
391;2026-08-16 11:22:01;21.37;21.80;17.00;2;0;0
392;2026-08-16 11:22:11;21.37;21.80;17.00;2;0;0
393;2026-08-16 11:22:21;21.37;21.80;17.00;2;0;0
394;2026-08-16 11:22:31;21.37;21.80;17.00;2;0;0
395;2026-08-16 11:22:41;21.37;21.80;17.00;2;0;0
396;2026-08-16 11:22:51;21.37;21.80;17.00;2;0;0
397;2026-08-16 11:23:01;21.37;21.80;17.00;2;0;0
398;2026-08-16 11:23:01;21.37;21.80;17.00;2;0;0
399;2026-08-16 11:23:11;21.37;21.80;17.00;2;0;0
400;2026-08-16 11:23:21;21.37;21.80;17.00;2;0;0
401;2026-08-16 11:23:31;21.37;21.80;17.00;2;0;0
402;2026-08-16 11:23:41;21.37;21.80;17.00;2;0;0
403;2026-08-16 11:23:51;21.37;21.80;17.00;2;0;0
404;2026-08-16 11:24:01;21.37;21.80;17.00;2;0;0
405;2026-08-16 11:24:01;21.37;21.80;17.00;2;0;0
406;2026-08-16 11:24:11;21.37;21.80;17.00;2;0;0
407;2026-08-16 11:24:21;21.37;21.80;17.00;2;0;0
408;2026-08-16 11:24:31;21.38;21.80;17.00;2;0;0
409;2026-08-16 11:24:41;21.38;21.80;17.00;2;0;0
410;2026-08-16 11:24:51;21.38;21.80;17.00;2;0;0
411;2026-08-16 11:25:01;21.38;21.80;17.00;2;0;0
412;2026-08-16 11:25:01;21.38;21.80;17.00;2;0;0
413;2026-08-16 11:25:11;21.38;21.80;17.00;2;0;0
414;2026-08-16 11:25:21;21.38;21.80;17.00;2;0;0
415;2026-08-16 11:25:31;21.38;21.80;17.00;2;0;0
416;2026-08-16 11:25:41;21.38;21.80;17.00;2;0;0
417;2026-08-16 11:25:51;21.38;21.80;17.00;2;0;0
418;2026-08-16 11:26:01;21.38;21.80;17.00;2;0;0
419;2026-08-16 11:26:01;21.38;21.80;17.00;2;0;0
420;2026-08-16 11:26:11;21.38;21.80;17.00;2;0;0
421;2026-08-16 11:26:21;21.38;21.80;17.00;2;0;0
422;2026-08-16 11:26:31;21.38;21.80;17.00;2;0;0
423;2026-08-16 11:26:41;21.38;21.80;17.00;2;0;0
424;2026-08-16 11:26:51;21.38;21.80;17.00;2;0;0
425;2026-08-16 11:27:01;21.38;21.80;17.00;2;0;0
426;2026-08-16 11:27:01;21.38;21.80;17.00;2;0;0
427;2026-08-16 11:27:11;21.38;21.80;17.00;2;0;0
428;2026-08-16 11:27:21;21.38;21.80;17.00;2;0;0
429;2026-08-16 11:27:31;21.38;21.80;17.00;2;0;0
430;2026-08-16 11:27:41;21.39;21.80;17.00;2;0;0
431;2026-08-16 11:27:51;21.39;21.80;17.00;2;0;0
432;2026-08-16 11:28:01;21.39;21.80;17.00;2;0;0
433;2026-08-16 11:28:01;21.39;21.80;17.00;2;0;0
434;2026-08-16 11:28:11;21.39;21.80;17.00;2;0;0
435;2026-08-16 11:28:21;21.39;21.80;17.00;2;0;0
436;2026-08-16 11:28:31;21.39;21.80;17.00;2;0;0
437;2026-08-16 11:28:41;21.39;21.80;17.00;2;0;0
438;2026-08-16 11:28:51;21.39;21.80;17.00;2;0;0
439;2026-08-16 11:29:01;21.39;21.80;17.00;2;0;0
440;2026-08-16 11:29:01;21.39;21.80;17.00;2;0;0
441;2026-08-16 11:29:11;21.39;21.80;17.00;2;0;0
442;2026-08-16 11:29:21;21.39;21.80;17.00;2;0;0
443;2026-08-16 11:29:31;21.39;21.80;17.00;2;0;0
444;2026-08-16 11:29:41;21.39;21.80;17.00;2;0;0
445;2026-08-16 11:29:51;21.39;21.80;17.00;2;0;0
446;2026-08-16 11:30:01;21.39;21.80;17.00;2;0;0
447;2026-08-16 11:30:01;21.39;21.80;17.00;2;0;0
448;2026-08-16 11:30:11;21.39;21.80;17.00;2;0;0
449;2026-08-16 11:30:21;21.39;21.80;17.00;2;0;0
450;2026-08-16 11:30:31;21.39;21.80;17.00;2;0;0
451;2026-08-16 11:30:41;21.39;21.80;17.00;2;0;0
452;2026-08-16 11:30:51;21.39;21.80;17.00;2;0;0
453;2026-08-16 11:31:01;21.40;21.80;17.00;2;0;0
454;2026-08-16 11:31:01;21.40;21.80;17.00;2;0;0
455;2026-08-16 11:31:11;21.40;21.80;17.00;2;0;0
456;2026-08-16 11:31:21;21.40;21.80;17.00;2;0;0
457;2026-08-16 11:31:31;21.40;21.80;17.00;2;0;0
458;2026-08-16 11:31:41;21.40;21.80;17.00;2;0;0
459;2026-08-16 11:31:51;21.40;21.80;17.00;2;0;0
460;2026-08-16 11:32:01;21.40;21.80;17.00;2;0;0
461;2026-08-16 11:32:01;21.40;21.80;17.00;2;0;0
462;2026-08-16 11:32:11;21.40;21.80;17.00;2;0;0
463;2026-08-16 11:32:21;21.40;21.80;17.00;2;0;0
464;2026-08-16 11:32:31;21.40;21.80;17.00;2;0;0
465;2026-08-16 11:32:41;21.40;21.80;17.00;2;0;0
466;2026-08-16 11:32:51;21.40;21.80;17.00;2;0;0
467;2026-08-16 11:33:01;21.40;21.80;17.00;2;0;0
468;2026-08-16 11:33:01;21.40;21.80;17.00;2;0;0
469;2026-08-16 11:33:11;21.40;21.80;17.00;2;0;0
470;2026-08-16 11:33:21;21.40;21.80;17.00;2;0;0
471;2026-08-16 11:33:31;21.40;21.80;17.00;2;0;0
472;2026-08-16 11:33:41;21.40;21.80;17.00;2;0;0
473;2026-08-16 11:33:51;21.40;21.80;17.00;2;0;0
474;2026-08-16 11:34:01;21.40;21.80;17.00;2;0;0
475;2026-08-16 11:34:01;21.40;22.10;17.00;2;0;0
476;2026-08-16 11:34:11;21.41;22.10;17.00;2;0;0
477;2026-08-16 11:34:21;21.41;22.10;17.00;2;0;0
478;2026-08-16 11:34:31;21.41;22.10;17.00;2;0;0
479;2026-08-16 11:34:41;21.41;22.10;17.00;2;0;0
480;2026-08-16 11:34:51;21.41;22.10;17.00;2;0;0
481;2026-08-16 11:35:01;21.41;22.10;17.00;2;0;0
482;2026-08-16 11:35:01;21.41;22.10;17.00;2;0;0
483;2026-08-16 11:35:11;21.41;22.10;17.00;2;0;0
484;2026-08-16 11:35:21;21.41;22.10;17.00;2;0;0
485;2026-08-16 11:35:31;21.41;22.10;17.00;2;0;0
486;2026-08-16 11:35:41;21.41;22.10;17.00;2;0;0
487;2026-08-16 11:35:51;21.41;22.10;17.00;2;0;0
488;2026-08-16 11:36:01;21.41;22.10;17.00;2;0;0
489;2026-08-16 11:36:01;21.41;22.10;17.00;2;0;0
490;2026-08-16 11:36:11;21.42;22.10;17.00;2;0;0
491;2026-08-16 11:36:21;21.42;22.10;17.00;2;0;0
492;2026-08-16 11:36:31;21.42;22.10;17.00;2;0;0
493;2026-08-16 11:36:41;21.42;22.10;17.00;2;0;0
494;2026-08-16 11:36:51;21.42;22.10;17.00;2;0;0
495;2026-08-16 11:37:01;21.42;22.10;17.00;2;0;0
496;2026-08-16 11:37:01;21.42;22.10;17.00;2;0;0
497;2026-08-16 11:37:11;21.42;22.10;17.00;2;0;0
498;2026-08-16 11:37:21;21.42;22.10;17.00;2;0;0
499;2026-08-16 11:37:31;21.42;22.10;17.00;2;0;0
500;2026-08-16 11:37:41;21.42;22.10;17.00;2;0;0
501;2026-08-16 11:37:51;21.42;22.10;17.00;2;0;0
502;2026-08-16 11:38:01;21.42;22.10;17.00;2;0;0
503;2026-08-16 11:38:01;21.42;22.10;17.00;2;0;0
504;2026-08-16 11:38:11;21.43;22.10;17.00;2;0;0
505;2026-08-16 11:38:21;21.43;22.10;17.00;2;0;0
506;2026-08-16 11:38:31;21.43;22.10;17.00;2;0;0
507;2026-08-16 11:38:41;21.43;22.10;17.00;2;0;0
508;2026-08-16 11:38:51;21.43;22.10;17.00;2;0;0
509;2026-08-16 11:39:01;21.43;22.10;17.00;2;0;0
510;2026-08-16 11:39:01;21.43;22.10;17.00;2;0;0
511;2026-08-16 11:39:11;21.43;22.10;17.00;2;0;0
512;2026-08-16 11:39:21;21.44;25.60;17.00;2;0;0
513;2026-08-16 11:39:31;21.44;25.60;17.00;2;0;0
514;2026-08-16 11:39:41;21.45;25.60;17.00;2;0;0
515;2026-08-16 11:39:51;21.45;25.60;17.00;2;0;0
516;2026-08-16 11:40:01;21.46;25.60;17.00;2;0;0
517;2026-08-16 11:40:01;21.46;25.60;17.00;2;0;0
518;2026-08-16 11:40:11;21.46;25.60;17.00;2;0;0
519;2026-08-16 11:40:21;21.47;25.60;17.00;2;0;0
520;2026-08-16 11:40:31;21.47;25.60;17.00;2;0;0
521;2026-08-16 11:40:41;21.48;25.60;17.00;2;0;0
522;2026-08-16 11:40:51;21.48;25.60;17.00;2;0;0
523;2026-08-16 11:41:01;21.49;25.60;17.00;2;0;0
524;2026-08-16 11:41:01;21.49;25.60;17.00;2;0;0
525;2026-08-16 11:41:11;21.49;25.60;17.00;2;0;0
526;2026-08-16 11:41:21;21.50;25.60;17.00;2;0;0
527;2026-08-16 11:41:31;21.50;25.60;17.00;2;0;0
528;2026-08-16 11:41:41;21.51;25.60;17.00;2;0;0
529;2026-08-16 11:41:51;21.51;25.60;17.00;2;0;0
530;2026-08-16 11:42:01;21.52;25.60;17.00;2;0;0
531;2026-08-16 11:42:01;21.52;25.60;17.00;2;0;0
532;2026-08-16 11:42:11;21.52;25.60;17.00;2;0;0
533;2026-08-16 11:42:21;21.53;25.60;17.00;2;0;0
534;2026-08-16 11:42:31;21.53;25.60;17.00;2;0;0
535;2026-08-16 11:42:41;21.54;25.60;17.00;2;0;0
536;2026-08-16 11:42:51;21.54;25.60;17.00;2;0;0
537;2026-08-16 11:43:01;21.55;25.60;17.00;2;0;0
538;2026-08-16 11:43:01;21.55;25.60;17.00;2;0;0
539;2026-08-16 11:43:11;21.55;25.60;17.00;2;0;0
540;2026-08-16 11:43:21;21.56;25.60;17.00;2;0;0
541;2026-08-16 11:43:31;21.56;25.60;17.00;2;0;0
542;2026-08-16 11:43:41;21.57;25.60;17.00;2;0;0
543;2026-08-16 11:43:51;21.57;25.60;17.00;2;0;0
544;2026-08-16 11:44:01;21.58;25.60;17.00;2;0;0
545;2026-08-16 11:44:01;21.58;25.60;17.00;2;0;0
546;2026-08-16 11:44:11;21.58;25.60;17.00;2;0;0
547;2026-08-16 11:44:21;21.59;25.60;17.00;2;0;0
548;2026-08-16 11:44:31;21.59;25.60;17.00;2;0;0
549;2026-08-16 11:44:41;21.60;25.60;17.00;2;0;0
550;2026-08-16 11:44:51;21.60;25.60;17.00;2;0;0
551;2026-08-16 11:45:01;21.61;25.60;17.00;2;0;0
552;2026-08-16 11:45:01;21.61;25.60;17.00;2;0;0
553;2026-08-16 11:45:11;21.61;25.60;17.00;2;0;0
554;2026-08-16 11:45:21;21.62;25.60;17.00;2;0;0
555;2026-08-16 11:45:31;21.62;25.60;17.00;2;0;0
556;2026-08-16 11:45:41;21.63;25.60;17.00;2;0;0
557;2026-08-16 11:45:51;21.63;25.60;17.00;2;0;0
558;2026-08-16 11:46:01;21.64;25.60;17.00;2;0;0
559;2026-08-16 11:46:01;21.64;25.60;17.00;2;0;0
560;2026-08-16 11:46:11;21.64;25.60;17.00;2;0;0
561;2026-08-16 11:46:21;21.65;25.60;17.00;2;0;0
562;2026-08-16 11:46:31;21.65;25.60;17.00;2;0;0
563;2026-08-16 11:46:41;21.66;25.60;17.00;2;0;0
564;2026-08-16 11:46:51;21.66;25.60;17.00;2;0;0
565;2026-08-16 11:47:01;21.67;25.60;17.00;2;0;0
566;2026-08-16 11:47:01;21.67;25.60;17.00;2;0;0
567;2026-08-16 11:47:11;21.67;25.60;17.00;2;0;0
568;2026-08-16 11:47:21;21.68;25.60;17.00;2;0;0
569;2026-08-16 11:47:31;21.68;25.60;17.00;2;0;0
570;2026-08-16 11:47:41;21.69;25.60;17.00;2;0;0
571;2026-08-16 11:47:51;21.69;25.60;17.00;2;0;0
572;2026-08-16 11:48:01;21.70;25.60;17.00;2;0;0
573;2026-08-16 11:48:01;21.70;25.60;17.00;2;0;0
574;2026-08-16 11:48:11;21.70;25.60;17.00;2;0;0
575;2026-08-16 11:48:21;21.71;25.60;17.00;2;0;0
576;2026-08-16 11:48:31;21.71;25.60;17.00;2;0;0
577;2026-08-16 11:48:41;21.72;25.60;17.00;2;0;0
578;2026-08-16 11:48:51;21.72;25.60;17.00;2;0;0
579;2026-08-16 11:49:01;21.73;25.60;17.00;2;0;0
580;2026-08-16 11:49:01;21.73;25.60;17.00;2;0;0
581;2026-08-16 11:49:11;21.73;25.60;17.00;2;0;0
582;2026-08-16 11:49:21;21.74;25.60;17.00;2;0;0
583;2026-08-16 11:49:31;21.74;25.60;17.00;2;0;0
584;2026-08-16 11:49:41;21.75;25.60;17.00;2;0;0
585;2026-08-16 11:49:51;21.75;25.60;17.00;2;0;0
586;2026-08-16 11:50:01;21.76;25.60;17.00;2;0;0
587;2026-08-16 11:50:01;21.76;25.60;17.00;2;0;0
